0826597201
278 124.1827
249 106.4828
601 103.5628
855 107.9891
224 109.1754
935 117.4178
303 118.6695
073 118.6412
088 118.5304
315 118.0679
758 117.3467
871 115.0021
844 114.2625
1498882623
1354255108
1412090197
2099884352
1055244185
1119160686
1718393505
1015535387
1049408883
1055382979
1093497324
1095460900
1099252662
1110213008
1164463506
1207850740
1264442687
1470624405
1505396338
1506628605
1526335739
1531113125
1531583046
1531632025
1551176474
1555578565
1566568430
1592763406
1594631717
1631332069
1640022876
1640212238
1738439837
1769166240
1845737739
1879078844
1882250857
1922173438
1962606772
1974632354
2002434014
2067786507
2086330362
2098907937
2118751544
5027538894
5036121095
5036355307
4954390527
0166666666
4955963391
1643574434
1862170629
4956028927
1643575269
4956094463
1643576077
1258816259
4956159999
1643576253
4956225535
1643576562
4956291071
1643576566
4956356607
1643576583
4956422143
1643576777
723066-1647
4956487679
1643576820
4956553215
1643577261
1445774168
4956618751
1643577323
4956684287
1643577332
2084407392
4956749823
1643578909
4956815359
1643578921
4956880895
1643579353
1442201796
4956946431
1643581489
4957011967
1643581495
1324191394
4957077503
1643583059
1310297931
1975354154
1088350962
1149222224
1522014842
1555270851
1413733123
1277357638
1462662528
1020015747
1668566690
1210881716
1858932967
1462418655
1691936795
8124398829
1596162834
1901486446
1174865914
1498866358
1275561574
1444513509
1255529911
6483537393
2080379927
1566573919
1874132720
1915795968
1915447757
5062225032
1053455891
1213986077
1264284704
1385330777
1565777450
1428348765
1758257169
1683885122
1770083902
