plus@movie.com

5202395518
4868210687
1643586038
4868217241
1643586305
4868223795
1643586329
4868230348
1643586337
4868236902
1643586587
4868243455
1643586629
4868250009
1643586708
4868256563
1643586779
2049599189
4868263116
1643586808
4868269670
1643587177
4868276223
1643587256
4868282777
1643587387
4868289331
1643587421
4868295884
1643587575
4868302438
1643587592
4868308991
1643587619
4868315545
1643587635
4868322099
1643587745
4868328652
1643587993
4868335206
1643588079
4868341759
1643588092
4868348313
1643588103
4868354867
1643588173
4868361420
1643588222
4868367974
1643588819
4868374527
1643588931
4868381081
1643589078
4868387635
1643589469
4868394188
1643589689
4868400742
1643589725
4868407295
1643590407
4868413849
1643590425
4868420403
1643590663
4868426956
1643590690
4868433510
1643590769
4868440063
1643590771
4868446617
1643590810
4868453171
1643590830
4868459724
1643590853
4868466278
1643590867
4868472831
1643590874
4868479385
1643590877
4868485939
1643590935
4868492492
1643590938
4868499046
1643590962
4868505599
1643590976
4868512153
1643590992
4868518707
1643591088
4868525260
1643591113
4868531814
1643591205
4868538367
1643591464
4868544921
1643591531
4868551475
1643591627
4868558028
1643591677
4868564582
1643591718
1643591920
4868571135
4868577689
4868584243
1588015328
1302696455
1964814138
1001588015
1360964264
1716666537
1395074442
1338950104
1670125191
1154700980
1245976305
1762225311
1740527055
1390031066
5035845219
4855621222
4867404595
1643506686
4867411148
1643506763
4867417702
1643507801
4867424255
1643507811
4867430809
1643507883
1643508382
4867437363
4867443916
4867450470
1643575590
4867457023
1643575605
4867463577
1643575664
4867470131
5172588127
4867483238
1643576872
4867489791
1643576911
4867496345
1643576951
4867502899
1643576982
4867509452
1643577029
4867516006
1643577052
4867522559
1643577060
4867529113
1643577082
4867535667
1643577117
4867542220
1643577199
2011761029
4867548774
1643577259
1425713663
4867555327
1643577303
1920862864
4867561881
1643577319
4867568435
1643577369
4867574988
1643577392
4867581542
1643577418
4867588095
1643577426
4867594649
1643577482
4867601203
1643577556
1393577347
4867607756
1643577585
4867614310
1643577593
4867627417
1643577640
4867633971
1643577652
4867640524
1643577661
4867647078
1643577693
4867653631
1643577703
4867660185
1643577731
4867666739
1643577734
4867673292
1643577749
4867679846
1643577755
4867686399
1643577776
4867692953
1643577790
4867699507
1643577802
4867706060
1643577828
4867712614
1643577873
4867719167
1643577894
4867725721
1643577936
5216802161
4867732275
1643577939
4986041492
4867738828
1643578289
4867745382
1643578312
4867751935
1643578322
4867758489
1643578397
4867765043
1643578415
4867771596
1643578459
4867778150
1643578505
4867791257
1643579432
4867797811
1643579455
4867804364
1643579499
4867810918
1643579524
4867817471
1643579676
4867824025
1643579735
4867830579
1643579785
4867837132
1643579831
4867843686
1643579834
4867850239
1643579851
1260886167
204590-7100
4867856793
1643579874
4867863347
1643579913
4867869900
1643579915
4867876454
1643579952
4867883007
1643579990
4867889561
1633161945
4867896115
1643580032
4867902668
4867909222
1643580179
1372498152
4295753727
4867915775
1643580359
4867922329
1643580383
4867928883
1643580513
4867935436
1643580560
4867941990
1643580741
4867948543
1643580827
0826597201
278 124.1827
249 106.4828
601 103.5628
855 107.9891
224 109.1754
935 117.4178
303 118.6695
073 118.6412
088 118.5304
315 118.0679
758 117.3467
871 115.0021
844 114.2625
1486696407
5049037446
1790558583
1252271885
1566188744
1141252940
5070653107
1412090197
1813757323
1691634557
1353745819
1532715869
1166416438
1565679670
1501608314
1232698990
5036725518
1612710250
1388366204
1720973393
2129005394
1238176361
5005161768
1479268141
5005477087
2099884352
1551148284
1062139186
1819619209
4838110003
0166666666
4846970470
1642782092
4846977023
1642782115
4846983577
1642782135
4846990131
1642782145
4846996684
1642782146
4847003238
1642783446
4847009791
1642783582
4847016345
1642784171
4847022899
1642784291
4847029452
1642784336
4847036006
1642784377
4847042559
1642784407
4847049113
1642785337
4847055667
1642785466
1832210888
4847062220
1642786138
4847068774
1642786157
4847075327
1642786175
4847081881
1642786210
4847088435
1642786225
4847094988
1642786256
4847101542
1642786283
4847108095
1642786508
4847114649
1642786543
4847121203
1642786582
4847127756
1642786764
4847134310
1642787296
4847140863
1642787367
4847147417
1642787542
1024049862
4847160524
1642788631
4847167078
1642788681
1413840621
4847173631
1642788687
4847180185
1642788739
4847186739
1642788750
4847193292
1642788756
1927422203
4847199846
1642788869
4847206399
1642788895
4847212953
1642789173
4847219507
1642789554
4847226060
1642789588
4847232614
1642789741
4847239167
1642789776
4847245721
1642789801
4847252275
1642789831
1076911096
4847258828
1642790366
4847265382
1642790383
4847271935
1642790436
4847278489
1642790442
4847285043
1642790480
4847291596
1642790507
4847298150
1642790784
4847304703
1642790801
4847311257
1642790944
4847317811
1642791380
4847324364
1642791458
2140908250
4847330918
1642791973
1423597191
4847337471
1642792662
1654340351
4847344025
1642792727
4847350579
1642792962
4847357132
1642793079
4847363686
1642793123
1942056057
4847370239
1642794176
4847376793
1642794216
4847383347
1642794228
4847389900
1642794379
4847396454
1642794410
4847403007
1642794411
4847409561
1642794444
4847416115
1642794466
4847422668
1642794477
4847429222
1642794532
4847435775
1642794968
1245427401
4847442329
1642795993
4847448883
1642796570
4847455436
1642796614
1670491707
4847461990
1642797236
1601676922
4847468543
1642797276
4847475097
1642797539
4847481651
1642797684
4847488204
1642797717
4847494758
1642797733
5015934918
1483684562
2086330362
2044152844
1255529911
1731088724
1505059971
5239004179
1509234804
1776525259
1475623215
1107855443
1536102819
1534968897
5024976541
1319568670
2002278149
1149497459
2093657216
1423407105
1582108096
5051223957
2051526030
1530923455
1750956509
1336958279
1735755712
1350657086
5067533890
1680714002
1261204652
5152833379
5038909880
1588598109
1628050231
1961976289
5000246211
5195791796
1547093548
1922422831
5013659819
1556115240
1703659891
1701529507
1563609059
1564200010
1561073844
1437352275
1983997093
1033668757
1254237240
1934465927
1694973186
1244995940
1659268820
1821768837
1623586104
1460027983
1695947701
1329937884
1274513347
1424537823
1982968431
1161015153
1345723871
1387238315
1258005459
1516563585
4488288571
1595512975
1203804555
1637578484
1279598087
1325191183
1007008025
1185147381
1501751545
1067271827
1400760132
1128385219
1706670337
1063265161
1150049931
1589083326
1688585745
1934062262
1321122344
1562337579
1681599913
1580204619
1831880456
1134245576
1034963082
862540-1853
1563616366
1513065514
1439498229
1006893613
1518426803
1781748354
1157788439
1501158843
1187475504
1480711925
1172494452
1091133873
1079699740
1830056950
1816287538
1555829919
1461231917
1955949172
1345554436
1575051036
1201325251
1645078349
1387220176
1597641388
1467904675
1513539596
1897904777
1903167257
1509666310
1164683994
1889114132
1158953654
1503658632
1188468954
1782400341
1186410119
1304836653
1341398779
1532820123
1534094560
1562892283
1581826367
1863033960
1672737382
1996691757
1486963976
1446592998
1006782637
1687006117
1529300085
779964-3665
1341170245
1522065674
1675191375
1818514554
1689249080
1546528704
1464368214
1182690044
1704617178
627-2137447
1326914359
1263197613
1134340357
1528966678
491-7234621
1079429374
1538844083
1517847189
1353786185
1297947412
1537149565
1333188253
1151669064
1092339095
1572313874
1709155196
983-7100386
1493303464
1565806239
1593053565
1954508728
1110074714
1826238689
1539816450
1292218558
1577336295
1031854967
1338161171
1441376708
1940391901
1498601995
1304123373
1869911614
1797973029
1377575920
1213301956
1656422284
1248266148
1411698125
1407284619
1337432610
1824364443
1332030018
1985753334
1761174957
1180289238
1041014727
1603869108
1969520347
1618407678
1249625940
1275898826
1316987854
1627000892
1691975133
1360153117
1814787113
1120896059
1121578615
1309636963
1414091345
1581297754
1888995570
1996749857
1017980271
1728490762
1388649844
1827973873
1511603717
1612430181
1868583773
1554622610
1256069859
1397180376
1811847090
1650937306
1164196185
1216999430
1429369958
1160249465
1225168616
1178806620
1647676205
1407971416
1581020804
1048470863
1218971896
1321735488
1937673492
1966169357
1525769752
1349683098
1311692384
1736188618
1533317696
1567048535
1069153112
1493800363
1677457491
882-1665986
1132311557
1939157543
1489392793
1071522739
1009403947
1582285053
1411605312
1542685752
1986363128
1945666878
1599539362
1109335270
1668471961
0137555529
1517761842
1631819382
1147220802
1222716995
1024888611
1393979392
1056700087
1583022916
1556218469
1906692130
1554243653
1522293219
1562870165
1589241923
1329984988
1133048348
1124614725
1622656379
1071629286
1075375044
1176121222
1336978172
1336317302
1581086512
1261171445
1660928482
1129773832
1757167578
1912075132
1024154970
070-0756394
1571323433
1351301731
1384530081
1395713721
1457861571
1240487520
1001192744
1640029526
1592353693
1018873326
1923864630
1369629146
1158167830
1639926407
1280696031
1780310635
1533616188
1250634996
1440766872
1310571063
1532612852
1944132915
1851604371
1332556815
1157451854
1835886785
1104546262
1547046772
1041249508
1841565554
1572879351
1931901279
1115978730
1521430037
1565722559
1318134842
1626983886
1459340738
1499778379
1556521641
1458767695
1081165102
1585446524
1029968171
1502937338
1580806052
1574989025
1206254646
1593500190
1595569164
1585615640
1497667543
606615-6270
1409947004
1338815872
1177563372
1484384887
1343438312
1405044728
1658604003
1319009948
1026964994
1039983419
1418645831
1883667982
1364652134
1133618472
1541116745
1201894619
1407887786
1643394928
1411100510
1356456325
1187653149
1411321550
1177659643
1694605770
1313117756
1212638482
1322589668
1235802084
1382828078
1197651208
1933936925
1999584500
1496134689
1559032396
1514367511
1057869165
1166848345
1176021726
1771856655
1231079705
1701084205
1517729531
1221017181
1023873464
1325097059
1351897254
1730584397
1707423545
1063587674
1556581630
1967820832
1375927713
1477837744
1941762233
1392466350
1114258095
1817745213
1549101253
1388665938
1177921472
1390415263
1356583810
1013753790
1927375282
1006438310
1667794588
1143710113
1083479097
1403088066
1664972007
1515813260
1246482750
1626492179
1764510862
1039023919
1525817551
1843446978
1505590676
1186695526
1509835392
1111783968
1593259304
1949971279
606-8073935
1143382913
1236258196
1040118882
1042128446
1651778697
1270872347
1432214230
1505114019
1887925363
1662653793
1880225452
1523939972
1131531485
1193959382
1463736949
1333452736
1482192349
1653330865
1666787926
1039101392
1180921119
1386380807
1622546958
1242981469
1668267757
1283702120
1218014823
1080566181
1887311093
1132605352
1597669988
1383584699
1552772364
1554763046
1658413189
1361813673
1615269208
1605126593
1723458329
1605732806
1936684883
1572033758
1192320670
1021168081
1536175151
1469959608
1699343063
1533081060
1066016427
1594011571
1083413351
1025247282
1228386980
1548147883
1590829051
1705408055
1214878552
1259587955
1231969036
1625262086
1084370133
1454830716
1946231038
6424871702
1689630382
1814342192
1049940515
1526744333
1868163328
1442410783
1397579993
1128722483
1890541694
1536090403
1561138931
1385786489
1231857921
1992818691
1635244617
1039274496
1189172543
1112017030
1849898955
1090383999
1313609911
1919084784
1596435620
1545582340
1138698974
1024421101
1104703302
1202833680
1267932269
1440877030
1552707566
1577653481
1185290020
1828199420
1666189869
1390136137
1343002548
1804995471
1596875408
1427994154
1067825260
1104725110
1537612471
1553390487
1566496480
1450823985
1295663770
1578227784
1481832374
1311040961
1735897639
1787583338
1423556675
1331118350
1712366860
1435488758
1224276123
1163038099
1632007292
1957535069
1873566170
1346402259
1544742316
1730299507
1190441356
1334906241
1877658766
1467452392
1474642557
1099883153
1449262989
1525681166
1153391969
1675120526
1780535427
1009755175
1893939525
1520734431
1103637448
1004883274
1123894371
1006379328
1928123206
1054754793
1904744180
1858047340
1421275073
1365751237
1531993575
1635635157
1508597062
1703550371
1842240947
1041876990
1849012942
1358010584
1918682361
1729479704
1143163118
1336179182
1026342579
1704109636
1740521621
1240680093
1056586880
1596900461
1005043151
1236274361
1816813933
1403585034
1530268778
1569748845
1406146260
1504836234
1329685198
1442583393
1307590369
1371463380
1380031875
1597574519
1572899275
1269215740
1526276048
1718015476
1251567352
1859610875
1841179849
1639831771
1553038060
1274148578
1410464914
1528505235
1743229275
1360128621
1264522012
1148179075
1566483948
1234667976
1968317453
1309415508
1099114699
1204566084
1517075197
1242106736
1468478660
1601460064
1531293739
1990407149
1311542191
1729775571
1410230816
1076616896
1756621040
9971016606
1112243244
1727837413
1242401192
1678203401
1133149997
1086910749
1250582445
1286434234
1425416194
1614556192
1224407538
1799072175
1366705507
1816089537
1074234380
1518241532
1188303085
1509393676
1565100500
1137301584
1091724678
1231557920
1939538220
1530936115
1576579821
1157319477
1104360689
1929451348
1129520523
1496840305
1719205765
1542425655
1481767700
1322698845
1350033972
1969810957
1468091990
1113391206
1280618876
1468473597
1006623623
310237-2856
1940026558
000927-7037
7969872667
1307403137
1577453989
1355512031
1706249050
1736590836
1763053997
1584003715
1249861239
1482948614
1892688227
1230457201
1663009483
1589143672
1006613572
1730067453
1793315675
1100305109
1738053161
1949714905
1367639529
1272342378
1475514024
1860565788
1065167638
1465118821
020204-4125
1793547773
1105185183
1673413828
1009418520
1354305587
1247408040
1472601499
2693275561
1911400448
1748227799
1754691561
1931658634
1691537606
1539740344
1292468328
1260383631
1645453619
1377158878
1629833596
1118702518
1455080562
1222130306
1419615303
1422698701
1009144496
1103287400
1361477126
1898298666
1544061915
1395348511
1569747007
1606523631
1572997085
1643773462
1223351397
1522002659
1841005412
1063029138
1380720334
1124082500
1856905060
1215690829
1250630570
1972839815
1636624704
1743675927
1846853793
1563421041
1121429347
1516612871
1730472931
1749738789
1214303225
1184686861
1557685531
1364618132
1833786229
1235111949
1851464989
1752224824
1526154195
1535506993
1119049953
1779690349
1546080538
1531694419
1535243125
1170569636
1477929542
1713476621
1594184470
1433189471
1184647773
1444667388
1634177269
1877222727
1783660804
1515549850
1280893802
1163027049
1070957153
1512476241
1318740668
1232990231
1071106636
1374888061
1299535644
1256329611
1000244095
1508334948
1336979710
1578593797
1301028732
1582357751
1020691558
1535836723
1314919588
1867428685
1361675120
1903241691
1124809250
1792940498
1008507711
1642137037
1577328040
1972529081
1361358036
1487093656
1506850909
1609457315
1454570363
1305371321
1984663734
1528570593
1697799336
1764025910
1041077487
1634839487
1268182606
1275561574
1540819350
1928189903
1518634527
1489272440
1991124302
1913521571
1629781198
1360105300
1848450704
1725962141
1565621513
1712053672
1552886517
1907959641
1948545904
1042889819
090413-1231
1156714385
1761432779
1313984610
1999651003
1421546961
1423456120
1606034406
1570908178
1146904314
1144563935
1253993174
1521256215
1703729569
1634969322
876002-1517
1695725693
1569530643
1058061546
1982242156
1556697473
1594057576
1330816197
1574818579
1921041904
1551129817
1554954115
405395-9719
1237283238
1595129980
1065399282
1111599863
1210876478
1006949635
1472959529
1341682560
1892425481
1422015407
1342797089
1649700840
1442722675
1435560895
1528937449
1220212544
1425516079
1635611359
1564621390
1275524408
1412312674
1519125895
1237906016
1492503112
1131866666
1598855071
1670135960
1625890591
1028577272
1866593695
335-4933244
1542989822
1652368656
1617826095
1273553660
1524470380
1830194129
1094923601
1679676056
1509603762
1485915383
1822930333
1280965962
1392940031
1537019022
1297511287
1897562528
1593484414
1551426969
070-6013166
1312499659
1299925936
1546325239
1337917897
1623488809
1624081483
1227968754
1711773133
1557735741
1574168411
1651156930
1111529636
1658250983
1209576538
1354777996
1213259932
1921651544
1352971455
1769343674
1659218449
1357557701
1429252754
1692586494
1548049032
1329754606
1593161323
1301472620
1282699791
1432504161
1571210294
869660-4046
1555273913
1069408552
1573720362
1243965920
1398835005
1967645868
1097795154
1655052356
1356842321
1002995729
1551745766
1811626258
1577018138
1060376339
1580271511
1176697528
1249651070
1533166475
1599487345
1157638772
1504265841
1676562697
1237351644
1588942140
1563880890
1350837393
1772158036
1138101892
1517572210
1374654556
1570109952
1993693845
1564273448
1240194181
1891518867
1757334224
1687367142
1551689104
1041266263
1541739669
1521653868
1346401466
1284878763
1199011414
1102579378
1679358587
1168724680
1394971745
1530960651
1126523251
1028549176
1430410501
1213000300
1303548039
1302908969
1188569092
1715701205
1084797247
1048746898
1247439252
1023440678
1536161753
1699290516
1598935864
1725567729
1245633838
1239026598
1331571845
1271358655
1502278436
1335772774
1298794305
1592819051
1653260256
1694240262
1255844959
1567617474
1010602846
1543092111
1692230228
1938884063
1994840753
1787148547
1156989740
1347092799
1582554833
1270565910
1557208710
1708310538
1180043874
1786324098
1716439970
1074372967
1204813889
1940190037
1014489092
1640177986
1107210111
1211362680
1461411497
1285883144
1909277162
1598111257
1489435938
1399267579
1094194727
1543355171
1541585896
1625942171
1533477887
1545434702
1539006458
1181269958
1015461463
1162258486
1115359621
1299878937
1438107808
1439006789
1269068765
1084084815
1792481170
1275472312
1358479074
1268368474
1151436488
1451676348
1245447897
1566749120
1999185393
1644720196
1757634038
1854753860
1046938212
1094211969
1466869026
1515301239
1561234295
1770165289
1149809932
1239197600
1051309987
1856953046
1607835365
1168614454
1213716196
1523971184
1889922155
1518733594
1630161039
1489284380
1528166039
1720366372
1542461254
1018255297
1194046536
1968700412
1917560897
1226784397
1054387046
1074226515
1503867259
1162573543
1698023428
1314524247
1380719622
1418620973
1285446431
507-1072493
1260921252
1776473490
1807288941
1610726271
1506567375
1352567292
5544090549
1943037421
1867356307
1975482953
1415465977
1974610137
1487284550
1337221674
1452039022
1465562481
1001496653
1091509657
1052967898
1108135435
1569232691
1788956809
1600732620
1874774922
1460117841
1556041948
1645032310
482-7857604
1137907495
1488103313
1314720351
1711866301
1074783163
1540096867
1442875487
1402771968
1196918360
1577296298
1280835780
1211252028
1207202462
1400704291
1528738606
1717960930
1448664268
1087141740
1240155068
1770539713
1399554095
1542375830
1359709441
1897572059
1416038787
1811974097
1522530241
1726970661
1211363489
1578241665
1410142696
1556147288
1504287869
1235264951
1020059850
1565150334
1035740478
1584027418
1201540931
1679081795
1129912965
1504044948
1360174241
1919206938
1535311432
1537251335
1367529950
1648709144
1035090250
1329492852
1702319110
1041192518
1517265629
1288013034
1571477670
1248423355
1363683395
1557953522
1671117216
1259057136
1738058663
1332745497
1000739075
1206024603
1375290093
928140-0667
8367204374
1747164245
1887897384
1164047791
1514246863
1921464472
1526074267
1337072723
1115885045
1703471510
1180758490
1144063957
1182899577
1336280589
1666590593
1384260472
1221511850
1345982100
1615892454
1556313492
1335670941
1574304373
1438573838
1287422009
1366630421
1874569408
1923602491
1207242733
1747163894
1868757904
1306939483
1516631571
1506493570
1774329609
1141431791
1374068939
4604978056
1553130370
1442696293
1565987869
1401803681
1528600817
1072906422
1091253102
1163571750
1305983622
1000403561
1732418792
1431874288
1544222625
1941382454
1167801404
1586785026
1109613542
1764756128
1330044448
1602547972
1603321661
1883217480
1862343141
1889208167
1548565511
1230490922
1831726772
1492805755
1609584640
221-0921258
1500740618
1482309653
1102287551
1560328484
1481041989
1598293841
1509457683
1653747684
1451597183
1690281651
1323508497
1738318594
1807054865
1268343953
1326366943
1768241953
1343767630
1637880342
1238110047
1117970582
1366463915
1740732521
1204743660
1249379911
1497723833
1125876935
1729219621
1614622996
1022581276
1911324333
1067816290
1268488848
1555243646
1381556460
1270834009
1873377327
1084529241
1443005383
1632301375
1976636879
1064474974
1911697330
1011791368
1474195511
1166146828
1383874140
1131099520
1627006153
1762581499
1021088257
1522654963
1924257296
1212280537
1030891106
1524713237
1197741748
1409221774
1193371802
1736792869
212182-5798
1506438114
1836717381
1857281861
1701047875
1560894969
1750130963
1513481687
1362265678
1521424088
847-0582511
1573219681
1457605795
1675583565
1415983784
1232460439
1750938475
1911510809
1502835827
1528347541
1581236091
1112008174
1937962592
1542997755
1558745659
1501525270
1565986063
1138998742
1191191216
1813980388
1075914660
1399674899
1597993154
1170303835
1980944762
1929234715
1985208837
1244341201
1551044122
1945215660
1536888591
1565585971
1026434460
1938595908
1561159885
1471775584
1277703774
1841137747
1015287190
1863423737
1296110816
1541674724
1223134844
1049310729
1463748462
1799637444
1655040605
1096152722
1243824595
1338296854
1434845968
1061746733
1796968224
1033144912
1333266033
1578063236
1039729676
1514356756
1296038208
1830131120
1132389712
1255231189
1592804745
1356141410
1581890938
1946664180
1277385406
1221537477
1904268267
1472774119
1358298399
1009730885
1714506104
1360518634
1288625369
1446419764
1544030951
1752373182
1583383203
1319850681
1933703705
1541467612
1542443701
1426578246
1194463435
1052849794
1905923499
1268451476
1659240954
1476645843
1460688416
1214571918
1024679383
1462624457
1586025493
1927170691
1368461594
1538980247
1317103020
1597003386
1861069464
1041607942
1231541789
7147033318
1064813680
1193943810
1033227034
1611750246
1179985231
1589277789
1339875634
1116347123
1652131047
1325181930
1701106790
1949240634
1645460099
1432238980
1043015832
1073190240
1627692231
1374852486
1521179183
1534892476
1580740857
1147375494
1186037775
1827050088
1268541474
1558564782
1581398287
1014845403
175-8813688
1900466849
1830783151
1264146382
1572173747
1834257706
1891883144
1764571705
1528642111
1233069194
1563961649
1528636641
1423947871
1851239851
1345806642
1908557258
1332511084
1210483328
1089318758
1282562196
1022978581
1506639959
1599008166
281-9708776
1942683102
1367293605
1500365196
1329801614
4986876391
1067573743
1561084240
1580481148
1896876883
1042562864
1705941046
1015550271
1398754028
1779871006
1533350816
1135081331
1750279673
1208084449
1844326148
1659339758
1566880389
1443257423
1437142171
1912141806
1378813223
1688741129
1369536005
1089175898
1028316806
1933434585
1050505463
1586969868
1943163915
1567602869
1503577059
1924744494
1257005347
1501188859
1601930206
1254491649
1468358186
1536827228
1598081969
1860505912
1141794187
1557143739
1072336014
1536073113
1126761757
1379952440
1914891440
1467730725
1658954146
1441023033
1477186678
1924082954
1529638984
1523734453
1565879906
1949555203
1320481189
1308302397
1824612465
1346355127
1150703842
1045322739
1230254739
1848787929
1830028736
1412964530
1062245699
1012398807
1555003367
1749337394
1588247759
1166489140
1823210994
1673722735
1541951558
1207654177
1265144893
1311545844
918-0044772
1766773672
1593749281
1227716555
1182305280
1195966041
1591234095
1309129847
1192315479
1085440453
1586350845
1560204355
1301515168
1945379110
1583428915
1580707418
1369871269
1025725762
1314326223
1397521167
1331657002
416903-8757
1598535443
1451786701
1714419458
1030808530
1570880994
1125283205
1286894469
1553186629
1624148251
1764186466
1352114556
1581798024
1336565696
1576942552
1567476944
1058007110
1788751246
1536930133
1312939110
1448301856
1586120699
1549769460
1266105495
1165394926
1600109967
1556381931
1648935638
1740632471
1145731114
1592420654
1050620152
1540309784
1290535733
1804976455
1662276456
1584211253
1586100122
1493725314
1015412867
1128500012
1549724140
1613837412
1551212710
1189914048
1511540732
1343123499
1496839210
1630881090
1183348121
1560627421
1568306104
1185773343
1853907919
1441837838
1131439586
1616333295
1710806401
1342845903
1831892142
1821312713
1873071602
1833685608
1541283331
1198678498
1264564013
1393987290
1292795372
1521780590
1569576101
1573823803
1481876349
1465161297
1654420509
1763370924
1627467256
525013-3542
7923434361
1258684573
1919025885
1619107266
1066517228
1193374965
1670110665
1568196349
1106656241
1527906993
1371048002
1441800242
1490342409
1710556964
1904112675
1413747081
1245464522
1220768940
1444168403
1070783012
1453300564
1615801495
1075692243
1579986320
1340594396
1784832022
1207751184
1536592972
1541034209
693992-5790
1338061986
1672910502
1165186181
1343638142
1820471070
1018578001
1310464128
1427864515
1498075509
1543657315
1414814048
1869702121
1306430035
1712936914
1596972630
1370850619
1470609004
1791075864
1556791367
1440163252
1524278928
1540714787
1767929962
1393708994
1824308015
1473712717
1875414247
1205963714
1108391010
5453659751
1482051968
1105425424
1092505365
1414944400
1318885217
1734632397
1756033333
1576472005
469371-1084
1868820935
1350963215
1447861301
1593036512
1976370960
1080396207
1385410747
1357994374
1543022427
1958385221
1462071927
1586578426
1205524009
1857940741
1916389177
1341566921
1862174040
7249051336
1573442812
1266521040
1359216066
1817738159
1962170688
1816148870
2341063484
1888332874
1819947921
1809513207
1891914045
1624804353
1855386990
1455498882
1972867982
1327353630
1580382963
1429133813
1308987189
1373670372
1475678440
1724810041
1237309014
1418712277
1420402734
1505154654
1198196009
1896897917
1505472766
1512307448
1031802877
1480982164
1451533569
7756836186
1936490696
1558892139
1843860907
1186869479
1355772769
1845851715
1379961477
1475756682
1611345663
1478315450
1094989519
1197264195
287-7624615
1029003540
1683620552
1520532150
1512250702
1522743066
1797580784
1027325638
1635099262
1432833357
1557305238
1554183428
1427925790
1502121688
1850991080
1506912637
1372772508
1267526855
1930738249
1207160707
1287469721
1383979138
1864729825
1347451055
1536590433
1431811508
1076355473
1156979777
1158667351
1965411110
1111553089
1889724064
1657142110
1879656968
1581116817
1557606808
1590956556
1597645210
1392650525
1813816224
1277019176
1256162665
1833741058
1565306839
1037437306
1545557586
1980046743
1829242506
1544730468
1615305102
1831226626
1549525998
1288061094
1679503417
1555777091
1278454664
1487667891
1245743716
1809019823
1711695456
1075511234
1288036273
1135497054
1338532478
1691647054
1044534730
1337573652
1385444645
1783581055
1186439152
1205877880
1380045213
1025646627
1352261039
292-0182620
1623794978
1733655927
1261205023
1746849957
1703236334
1845673408
1703711132
1816590058
1715009592
1634629901
1329979406
1855851585
1736290620
1246477572
1619630884
1108473147
1032100585
1700645828
1470187904
1286463307
1575759470
1111042512
1614833853
1607504330
1966321360
1906311240
1752205915
1162573961
1259651748
1138684780
1427330106
1515965167
1221956711
1926660802
1864885327
1427668356
1475152759
1826311113
1277938943
1304205886
1178541230
1142615210
1861428839
1585306023
1568532200
1726539599
1831890181
1043697095
1056251176
1632459979
1061175915
1471126705
1163484630
1475769940
1277737158
1668234529
1584870635
1002102041
1845189508
1420791767
1775862905
1551909323
1403546540
1882701314
1351700158
1547292048
1188551833
1740610444
1138404279
1140373320
1598375200
1302985766
1646833418
1581106922
1649354819
1557804349
1372078011
1920758827
1458442402
1797987483
1183279423
1145013360
1461916425
1105870772
1281332327
1215567423
1874123170
1569685997
1635528407
1250571458
1453307848
1547448835
1537593658
1079745671
1881202894
1780428204
1455520729
1553061331
1586945935
1391647249
1137785440
1280880107
1920195966
1107945783
1341138049
1025008545
1931542454
1720578482
1439677914
1200709306
1333371033
1655266429
1242823065
1749226926
1927075552
1464618728
1128623329
1043503249
1157666637
1163432223
1203307985
1286052296
1358762582
1196102046
1756905916
8820996835
1008081464
1393263297
909-9078539
1938816918
1136014956
1678332306
1301900292
1662593049
1039548838
1310678916
1451577009
1646777597
1936224015
1663856938
1060195530
1874809595
1934683032
1453737994
1318672942
1508894039
1550764831
1989057323
1063838772
1597790229
1184891556
1526561915
1380471189
1199133735
1480254207
1961361381
1388428791
1867221588
1526271111
1443874855
004057-1266
1306026355
1702721337
1904089311
1561245079
1561521973
1292477135
1506435238
1497738546
1278245905
1928443871
1257851015
1798208766
1608730262
1543210789
1489789712
1916595447
1559460058
1505422929
1434971500
1082683001
1327025299
1280752569
1699522710
1514058604
1566627067
1006110701
1899786904
1339033071
5534844756
1682869552
1615741650
1414443998
1353035700
1008173375
1544725271
1285817042
1322362397
1133558663
1111627979
1051071693
1235745884
1580914731
1693946676
1803578199
1471213697
169371-7185
1713269889
1818766223
1384426476
1307105238
1376125541
1361222750
1566230324
1528551231
1872507067
1536978239
1527077050
1548783313
1189181621
1578799103
1666468699
1156728335
1930677413
1525723539
1435638011
1512247230
1109866126
1716533422
1365490077
1473481406
1246253049
1551417443
1396584098
1419133568
1176015644
1221209074
1014685355
1879127441
1223181941
1078486969
1478751597
1550602726
1824096839
1757392258
1791175895
1346559112
1206407883
1559190837
1460755190
1662534166
1660073163
1436090577
1782438071
1531029024
1632009561
1016422934
1361503376
1234591740
1597838353
1144355678
1394336736
1955063773
1707045660
1369887901
1018276861
1234996937
1517400948
1856263874
1756214679
1363159139
1548848807
993-4338376
1608066484
1963740890
1587762478
1876883873
1558873026
1699853709
1420932159
1983270474
1592055354
1994954430
1140609934
1482293043
1057605433
1163193500
1844995525
1820583217
1417660143
1510068270
1879157915
1296597659
1135047995
1317833513
1542978940
1905104947
1593980498
1915455843
1952714533
1797015909
1105805653
1686169957
1929104232
1711319244
1608216928
1447255628
1914292611
1646605497
1921805157
1026488803
1946820103
1565406153
1566467149
1976750005
1082915178
1521476942
1662980439
1979835905
1792559331
1569420673
1059587162
1741513302
1699771303
1508699820
1539140319
1071426369
1368218309
1218724006
1998639752
1088241080
1088670005
1565587032
1724593800
1292860596
1987501388
1795612133
1527507657
1695199583
1490043549
1324130676
1570911556
1255716259
1316496035
1539794400
1557599719
1582014121
1373336825
1253569269
1388320811
1528879271
1663040692
1583860089
1946042893
1410021592
1651857222
1532803106
1715246380
1530821186
1988600171
1924655467
1125353448
1483899678
1562394822
1534019976
1811772284
1289530325
1629148675
1297227215
1773063643
1355567602
1635681011
1056024446
1495893520
1739729125
1994610333
1484659340
1123345138
1796578897
1354176582
1810616391
1630492621
1107109264
1959701790
1489720661
1681490945
1730434830
1411832813
1632038749
1940985016
1226273348
1858370794
1523628656
1140019049
1185049345
868380-9345
1923847367
1855794932
1831889030
1305918700
1031959346
1012930219
1717129884
1444280454
1651350214
1811822063
1525829823
1521008019
1833171126
1028107290
1176579206
1173408433
1618317799
1788908499
1520572439
1838381548
1598043155
1678431883
1868258534
1203092747
1958707686
1675947394
1788645377
1500498853
1069986467
1583667993
1905543888
1256429464
1232773972
1034568380
1992132537
1531976846
1713163330
1532225002
1759826530
1231994364
1777341966
1081840269
1390603196
1706527671
1932187388
1169864411
1241365130
1978685810
1969404324
1398237086
1031789745
1227534808
1737706968
1997983440
1943732536
1631801453
1982611093
1470941601
1618435668
1731613885
1756387119
1972310686
1582585776
1218062347
1912302325
1645902144
1872748825
1583518826
1591790329
1409340097
1569499197
1968712351
1928502621
1515506181
1157241513
1268306779
1259312527
1705332142
1543214847
1572462328
1425404789
1695505903
1953344151
1958344018
1593866460
1678035961
1297202378
1205955769
1073905274
1456799902
1608605538
1568214515
1122227874
1542140083
1744136583
1316817579
1917713002
1865372232
1944563012
1892966073
1999693982
1612145996
1746719493
1017748197
1187018794
1375106603
1919509138
1534328481
068-9135500
1279088865
1078286417
1952789040
1544622572
1418786230
1540633296
1586273133
1584454381
1610607517
1561670801
1425087020
1220947275
1528344646
1964655727
1598653529
1518838628
1502717576
1530776297
1208614112
1257163501
1090151383
1426317634
1516320417
1699228378
1109244678
1798880991
1370433783
1400695367
1178310357
9935639556
1340969747
1540271541
1250058192
1847676181
1765822136
1911124690
1853268254
1509599973
1554317814
1006628791
1970592852
1975925375
1861468501
1124304880
1701954684
1245953457
1580416392
1835825423
1101943696
1923325540
1591364021
1297183988
1822935898
1480130834
1323416636
1445821790
1578837273
1597758337
1511505158
1303035217
1889470435
1955964377
1935704254
1183991815
1891302847
1843348474
1460798659
1956532844
1598541316
1779062116
1788675685
1588376852
1399449252
1661166242
1593075876
1911696523
1364041902
1631460723
1590197857
1000651997
1828982040
1525450923
1933099501
1131577859
1516923855
1677084087
1217977956
1725923633
1914896522
1580185880
1514648533
1131482110
1786485148
1242651632
1091887754
1536408719
1584951834
1102994118
1674442571
1769787182
1595235147
1679195990
1599229410
1380761512
1420172558
1137052585
1775290009
1817299806
1498028037
1583598291
1493923648
1744031780
1711363978
1713675724
1058834552
1135352293
1574221452
1935688953
1190979589
1181531604
1392139721
1514786830
1845455095
1404934644
1297542705
1440650610
1152364438
1636825473
1896925053
1278946648
1328581276
1751819623
1379569807
1318249032
1551089860
1276770483
1421861540
1390392890
1906055916
1160392867
1159593228
1753917005
1234409860
1839813624
1406003180
1117035975
1825317569
1931938072
1467443787
1942885703
1762688080
1120988152
1527154377
1694280027
1761640978
1460098008
1814127405
1375624073
1847676596
1812686589
1943368905
1439332204
1754371720
1088792316
152637-4843
1319541988
1579462748
1904595798
1482888967
1918755214
1593233697
1351440263
1923294722
1803215169
1043467718
1905069773
1398265067
1512355446
1371159814
1871815984
1423139806
1122093845
5947535408
1382249345
1491941571
1532112036
1572073886
1195261279
1331334474
1580533441
1098992470
1564096315
1817133351
1910059933
1331905511
1789781764
1606934724
1508089372
1428482136
1569134577
1938807094
1929499029
1111409386
1211502299
1922043406
1571290102
1868174537
1457299341
1182707302
1237494120
1426838268
1553155426
1337126978
1013321205
1858323204
1547260348
1763991771
1603845309
1285130396
1784954591
1211690122
1852089787
1051043734
1892884323
1288041814
1766833077
1845553126
1825050843
1826026158
1832063078
1242133802
1921140485
1700633828
1219155273
1051512940
1814647201
1681449059
1292401121
1259037812
1930440588
1837351884
1384895316
1467965287
1786677283
1555147129
1691858261
1006712283
1701082322
1908572740
1389700108
1402858015
1137561931
1616723649
1742704504
1933267489
1048552929
1237899529
1276491550
1882862247
1839561529
1871364920
1608855020
1934637715
1522287692
1755414837
1412672616
1360487428
249-3692679
1573042201
1681304888
1845264986
1333779294
1941525286
1663887330
1663283289
1468561686
1573930166
1649797756
1699915440
1293539609
1612903236
1904251973
1947481834
1839547271
1565845500
1546370028
1933197769
1458265660
1600167202
1695632651
1420678816
1559859263
1202057655
1540928592
1956451356
1681770766
1864924989
1866551549
1278861988
1415654894
1035104784
1774087546
1838422823
1889481269
1720936800
1533520129
1905304967
1573435541
1861669408
1164125235
1754629110
1408239793
1419117402
1595572317
1018389376
1486941057
1512992544
1626755338
1995584660
1541829903
1885361410
1972076931
1448541731
1460817346
1427701568
1225055092
1964347295
1912147036
1360573023
1504810359
282166-3390
1582919288
1678149349
1571848124
1738526953
1963137106
1225919121
1528542388
1598025496
1433801144
1443222989
1964700587
1901128233
1588351010
1496659074
1563741247
1455927535
1912310734
1913027412
1875553533
1937177552
1565282560
1787492134
1725687936
1930537047
1952825777
1895328590
1404786402
427-9455087
1535835214
1573997946
1354411791
1900345190
1852339648
1946342190
1919557516
1205028624
1667918802
1542315248
1457429056
1513026340
1586716405
1999504228
1731614638
1746627797
1710439764
1896434550
1523492395
1960603206
1386991095
1921965804
1897112873
1963669360
1151420734
1448205983
1603793305
1561735096
1784926962
1651100868
1652347557
1156079675
1555236818
1529760840
1422001860
1607491052
1949310667
1897566538
1986350943
1510684319
1512536324
1013472174
1775352526
1127790843
1620244100
1520663858
1781676782
1978591942
1938921651
1469371372
1951891505
1050474355
1598384814
1558759840
1921505200
1980692606
1568984839
1978701852
1982687947
1581989549
1519466930
1751931099
1998820057
1526981706
1516463025
1529786603
1087938653
1770371347
1841359378
1992069305
1240878261
1492885543
1604569217
1349848507
1512322163
210226-8141
1231977798
1579322637
1297035183
1634743523
1292220577
1501125824
1092856398
1956337416
1982505037
1958936823
1570861082
1147727168
1679623158
1827499536
1641755198
1446885327
1919228333
1296255803
1666794009
1908318277
1760874883
1869566091
1478507512
1467432962
1049526581
1963475478
1862628539
1726352384
1845283070
1569091739
1225357356
1730347754
1006459608
1361061378
1620276469
1964226401
1990147779
1722240058
1744247677
1038972987
1619907206
1513356369
1777153158
1450458779
1853997641
1392341680
1444109684
1565435988
1599800246
1980428275
1633506679
1590269888
1660016263
1501098065
0604276934
1409956728
1895152676
1993018405
1595923095
1915807409
1211900537
1912815661
1800234410
1970413123
1903396085
1475970386
1590159329
1267472494
1936064577
1941489225
1308522458
1892033315
1718253693
1573626201
1906744702
1608840311
1997031113
1819790998
1504105163
1503490743
1453157011
1511980178
1760699552
1306389375
1500420280
1588986092
1521998268
1559051299
1806538918
1117300631
1929677074
1468480508
1914819992
1510692540
1562097843
1679843817
1925979539
1292329495
1968353056
1929808934
1647632506
1858594254
1913983037
1222567241
1407432063
1649699756
1666621433
1506417092
1844418573
1877660229
1817170873
1885428880
1503510662
1425750093
1864746303
1793203624
1813171948
1071289037
1954099984
1799177092
1255006301
1545522389
1995152111
1343116124
1784094109
1624033354
1180937400
1999830656
1226589051
1850416820
1801284874
1798127839
1954453801
1953877514
1470816136
1977257215
1925925089
1029869611
1728839524
1136528788
1943886217
1758096024
1515928926
1503682418
1458279392
1551716719
6082880078
1642123464
1916824547
1487523165
1223805724
1850828851
1744531307
1967074466
1900998271
1401302826
1880888281
1936946484
1018781233
1921557763
1958469832
1354951633
1564656857
1040751426
1478586498
1368976094
1582290868
1426045315
1800395729
1991704126
1908652138
1576502021
1931922418
1982802706
065220-1532
1527457956
1922054678
1683983335
1405440165
1538228229
1954627039
1922483540
1752684855
1305847193
1766207893
1025841523
1829826261
1688509956
1937035769
1534703640
1986806032
1526182443
1990375375
1790915314
1575199993
1891301188
1716797039
1574655303
1948723345
1542970132
1936744625
1962038394
975-1600323
1749278830
1998081174
1269752025
1094909196
1482394015
1909065375
1645801504
1401949303
1542503790
1598454762
1934231429
1212253298
1467078753
1459420772
1545390595
1449009627
1741825903
1502143267
1566274899
1822383872
1580217116
1074455885
1800847059
1155311125
1931266657
328-3974163
1963754901
1664857766
1864229165
1636643318
1555472238
1608376856
1964775252
1728693814
1956789216
1840953834
1956988542
1529872351
1224525555
1777613671
1859638416
1468331028
1736742880
1615767361
1292703671
1752398674
1946851083
1925246513
1451428066
1856652515
1723577904
1240550588
1377797127
1042930961
1544668662
1852910845
1572090256
1786418426
1167072782
1256325265
1997139450
1946552684
1941514929
1758399817
1649630611
1893977641
1214937084
1599300983
1442459300
1547524074
1210034074
1678054103
1945010870
1502076567
1993472850
1643316206
1914680628
1764757985
1647828300
1499795712
1592949283
1887677271
1387672949
1609340493
1953465254
1530254052
1909673282
1364813388
1457792499
1925393959
1842514516
1227763095
1419729508
1218887840
1595584490
1931325810
1942476176
4507742185
1821134746
1626577386
1817225122
7375139582
1674211927
1515925813
1732583907
1508665587
1735154919
1436793335
1901446011
1936349689
1535868518
1389409260
1296521808
1866421785
1815745136
1731615735
1853468787
1569062993
1815598445
1588924613
1558592154
1785968874
1407166361
1299600175
1291015809
1931572268
1707018761
1668272549
1584095887
1943309711
1480648150
1503780824
1268174380
1903956242
1510132150
1860091244
1561971194
1406613549
1557307758
0774664234
1621390439
1616232376
1930614115
7921626855
1554320704
1940001841
1508912118
1628977416
1427143192
1548918148
1532450641
1008056570
1895489344
1214603864
1921365993
1410177423
1607876573
1918863807
1721824973
1530594915
1370439081
1307868280
1810512990
1395775558
1220074623
1542822248
1268471163
1900758401
1339211643
1423123464
1570811818
1603372290
1536214868
1295491872
1937850456
1077221376
1913161445
1156574186
1603348868
1639376092
1698957841
1830473515
1861336073
1515276702
1902278872
1569709641
1513198216
1864336937
1622332128
1577862069
1925975328
1512853715
1300154759
1891145137
1582953893
1170927997
1835027140
1885263064
1818684678
1933028565
1781095222
1128539956
388042-1346
1572854079
1113710631
1545135247
1319123537
1404907404
1538992257
1175673526
1931786347
1495611691
1600210134
1745743326
1233063584
2232748978
1945509507
1599673193
1867888336
1928861738
1536827828
1588331170
1590992151
1102110362
1647141086
1669314475
1834366557
1948045236
1002861328
1491249939
1474850356
1479232674
1852087739
1920572709
1584495741
1180721787
1528958716
7256126628
1531543455
1629762363
1580015926
1941709121
1542198449
1651774893
1640660537
1459738471
1536689696
1795841713
1566968825
1941769229
1515346899
1763690012
1504812022
1922781500
1041691898
1879866433
1775884673
1636285660
1516862056
1940509682
1576379294
1082267871
1228410219
1278317583
1606361688
1949422606
1744109751
1548970749
1778203746
1901824986
1645460160
1836165274
1592698701
1749231400
1857922724
1857678942
1286758052
0959799710
1289815445
1056080036
1459656379
1458136542
1196056371
1678437241
1903867256
