mark.castillo.autor@gmail.com

3151152381
1643585902
3166791370
8940478845
1032324877
1643567428
1643583408
4624819953
1643585509
1141134453
1643576423
1044244810
2505027726
6178376759
1643583743
1174407563
3589896612
3473315239
1643564668
1643567969
9681205239
1643544378
1623082694
8197926620
1642989496
9597393713
1643478139
2075045140
2594712055
1643514981
1775237389
4635482573
6499404164
1643549154
2452579605
4534767313
1076188972
1641657103
9873108446
5254871531
6030753841
2024788649
1131483454
1472824842
3786180227
1139589571
8495515660
6644852869
8096003058
5553017302
017-8096002
6093199571
6093189871
7561473496
6093190238
3679393933
6093190638
5468280296
1045912243
2535228227
2535228260
8717383279
1045876576
1322195548
6574048290
6574048256
7553406003
6386310109
6386310075
2641271544
6386310642
6386310509
6385292980
6556135325
6556135258
7925873979
6556135792
6556135758
8637297499
2995267783
2003065637
2995243016
5681374933
6646297216
6646297183
6021399108
1022212327
5088568404
6646297449
6647294316
6611186286
6611186253
7463603540
6611186653
6611186619
3754036764
6611187053
6611186953
6754253692
6611187486
6611187419
6563277657
6611188519
6611195386
1322242682
6603901287
6603901253
8801804457
2624695021
5144706857
1000075393
6603901620
6604008353
2848418271
1550688750
6588101822
6588426622
(1643585905
1643585903
1642815490
1643580122
1643583691
1643583418
1643576404
1643584837
1643578335
1643575339
1643585480
1643583048
1643582298
1643585481
1643570359
1643583192
1643580872
1643565223
1643551124
1643569331
1643571597
1643585601
1643583046
1000103528
1643583294
1000042887
1643585244
1643577105
1000225409
1643584600
1643575174
1000056263
1643565169
1643576960
1643559117
1000106734
1643583811
1643578176
1643570735
1000076582
1643585653
1000067781
1643569266
1000023547
1643581012
1643577678
1000111706
1643554864
1000011158
1643576018
1000025717
1643582850
1643585578
1000106785
1643577123
1000038875
1643559811
1643569572
1000023617
1643572407
1000110679
1643579922
1000078331
1643580151
1643563784
1000148373
1643583556
5279570712
4353534258
3762400843
4373917529
4752524391
4626456200
4820083571
3893594210
6695735107
5415377025
3743577679
3982302118
4255077087
4331246513
4601721123
4278198882
4623188707
4050599581
5023169474
7416769995
6756965757
4633720553
4903707029
4638473949
6605555546
1000919097
1643578195
1000024740
1000044797
1000046609
1000056329
1000065186
1000076945
1000081444
1000093086
1000099258
1000112937
1000121819
1000131192
1000140621
1000149981
1000150497
1000158497
1000221879
1000240521
1000240869
1000248879
1000258886
1000260256
1000267357
1000274374
1000278345
1000309316
1000314971
1000370236
1000376850
1000403889
1000416542
1000416782
1000421371
1000421413
1000421658
1000422344
1000455700
1000458487
1000519668
1000572881
1643565495
1641262137
1446823078
1532155381
2537437651
1382702728
5001528672
1000036378
6701913231
4656551592
1000045465
5699668333
7178392864
1000110074
3103747494
7545551270
1000129819
1000133870
1279638235
6727696920
1000144672
1302008126
8378192751
1000150692
3429887229
8215512537
1000167592
1937359319
1513849007
1000030581
2648737945
8868507231
1000033166
1470105773
4716035839
1000037798
2059372927
6039025206
1000078687
2169916079
4421929329
1000092439
1000102914
1000177547
1338283196
1494719905
6898908178
1211983998
1000055719
2748678138
1124750857
1000082338
5458463291
8238280750
1000107146
1211892189
4454657834
1000119549
1261387978
4143553460
1000133776
2356229102
2958136156
1000147599
1000153395
1000155625
3116948060
8568211562
1000156849
1000164152
1258151213
6845943601
1000164368
9047533295
1490399231
1414108682
6262061676
1000025100
6699538697
9000773428
1000030782
2471655472
6000281420
1000040599
4521083882
3894874750
1000045833
1000051496
1000060052
3106687702
8581560072
1000062791
1724013837
2959508548
1000078637
1000083198
1426041371
7321826754
1000085976
1000090459
1413577258
4056359720
1000091072
1458939837
5776089707
1000093366
1431538413
7450468672
1000094018
3202607150
6995506959
1000094429
2979133019
5819413564
1000095844
1376912839
3609611270
1000096138
1590754984
8098114536
1000099405
2119327691
7395863273
1000102926
1337013569
8350695518
1000106027
1306940739
1956389727
1000106717
1000108213
1056550874
1458264769
1000001130
9367227730
1748060500
1000024194
7889802178
8439824594
1000027789
9026193032
8037649170
1000036730
2066612243
4675946320
1000038898
2779997728
7473853700
1000040868
1513410332
2145000572
1000042986
5284286739
6905307995
1000046992
1768434153
6738619113
1000047506
1448952038
6730884215
1000056339
1000068532
2080505555
2385937668
1000077682
3081435765
7089641338
1000082428
1395385164
6398229296
1000084927
1487587614
6865708251
1000089410
9092358160
1411652241
1000097203
1000097650
1635959073
6788970381
1000106300
4871346749
8289718365
1000109764
1756421894
2458630224
1000112000
5715807363
1417821578
4002947489
5654640151
1000033685
2825874961
2267558236
1000077009
6989855535
1417115036
3923586775
1330391892
3734547366
6897734421
1000021799
1296745220
1057966082
1000047402
1780180162
2016570326
1000073565
2509305809
7244581312
1000074688
3438793862
8558278086
1012732625
2199945254
3510859906
4748854339
1643496583
1634334857
1641683681
1643495833
5137469921
1634334842
0209001839
2466032076
1704435106
2176812809
1000098188
1423397304
1342501209
4337983658
1334291744
1817316511
1054943006
3686026648
1000069588
1687749674
2720337428
7322359283
1992129174
2777443697
3802131858
3074185965
1810835732
2145262069
7217982902
3703994233
1592249071
6447154456
2356318349
2501008657
2361831622
1606854132
2392950137
3032575065
5862544447
2344061033
6089203191
2476547730
1535305583
1643669457
1618498158
4888114595
6090872553
3300000057
3238072706
8680965076
3238072843
4888105162
1643663717
1643668818
1243921902
1000133759
9975947308
8749169780
6413760838
1380363855
4124108776
1380363912
9975944808
1643652473
1786504661
4829172898
6525204259
2644818924
1211475392
4890349007
1211475432
4829168398
1643665538
1028316207
1000310608
7927744716
6559194587
5135697935
6559194654
1643667435
1643667847
1643667954
1643668037
1342507689
6153781368
4902455891
1382195562
7194669094
1382195682
1342507586
1643667929
1149614158
5935272897
1743751215
1000157072
4864558624
6284854184
1175078176
1175078146
8582507832
1175078149
1231662867
4493414838
5284631515
6897106871
1813649409
1000303493
1000036536
1000157727
1000188442
1000045216
1000043542
1000095012
1000086520
1000068892
1015687893
1862549869
2043619664
6289009087
2045678228
7478142627
5037420131
2384546604
2384810686
6219158210
8750762640
2384528194
2362602455
0832147598
6330857723
5779530704
2335087917
9244496822
1382200618
1382200655
1222688182
1615934798
1643581936
1166284442
7810793569
1000759231
1643583269
1159406587
4785473156
9085634592
4448133423
1382207945
1382200675
1636205326
5473883252
5465736787
4844498416
6290044271
4312144502
5490330684
2907319843
4143833019
4612129587
4816378967
6902307079
6956061261
2067916475
1643585909
1635855486
1678524932
6135574225
4816389900
1667838112
6957473112
2830753789
1382200615
6796423602
1382200652
1476617543
4816378934
2949086387
5906163811
4521020582
5370464294
1974469866
4525074839
3063350653
1022744690
2718864686
1022737423
4119785431
9592417145
3184081736
1045875976
1322195615
4006098898
1000025331
1308037882
9313391995
1085345786
1021878863
3358057801
1000016505
2377105099
7181454742
2093303570
2210503283
3511866020
3582147560
7175932697
4173214434
3373432342
1979923621
5715231870
2535863592
5019709251
9327527634
9344404999
7210483552
8687490381
3577392435
3369508878
3327464517
4582077249
4557544682
3151981644
2045028202
8737155548
2053643691
1471514718
3122228228
1027128918
1027142352
6575088870
8552419531
1461746294
1048216911
4338021882
1691110598
8491373467
7413282902
1619074595
2925807367
1475241137
7857766957
7273490403
7248114185
5906821088
1999582725
1251116265
1113873802
1000705222
9005753436
2012938714
4250210353
7475234689
1000366605
1730388885
1723574504
9980098003
4734974457
6477863823
6608691495
9196788042
7245896445
9854230949
1848465052
2644751732
7630323646
1000246226
7916415483
1153266021
4070432971
4387731730
4283249136
3688518810
1000617552
1124299308
1173500016
6490525331
1166042270
1957304793
1875833639
1000681208
1254408659
3614018188
1097608614
7827770088
1000718247
5749132781
3029122259
5456053355
4249475581
1000073996
1389085168
1037016106
8190860174
8945493991
1000334232
1210897023
9201245181
7841654407
3339234396
1000274036
9760457399
1064354079
7829792916
8247272079
1000239974
1061295991
7450495719
5505262018
7008173664
1000099953
1551023375
8320770704
9462573973
9181839099
1446808259
6164732213
1000116211
7362105909
1469558660
7645675605
2445132366
1000130248
1385623705
5245649739
8135462190
2056752372
1000107914
6111184625
8209328535
6204937222
2896165602
1000073990
3075739666
3123589771
8879862184
8915756232
1000194733
6648301341
7311450768
5814862594
1157674506
1000235735
1001102117
2979120652
7650733858
4796570306
1574847512
7907760577
1000105316
2004442747
3165649431
1000155614
6606852200
6696555305
1000244878
8559292052
3224704761
3800549639
1079090670
1000229873
9984587775
1549298915
6600412830
6287853054
1000437734
1133954401
3792645723
7519910979
2827268134
1000144360
1097660357
3761625240
7033519903
6357540389
1000101445
1552219478
3916042830
3757202716
3588863318
1000143644
1106938339
6190573233
2108079872
4124568832
1000109799
1307473752
7354859575
9670319624
3823425799
1000415515
1765032470
4168730222
6556306821
6689640976
1000083326
3221383828
5797836048
1071711011
3294386366
1000419511
6838892696
6429281129
1290714968
8202405898
1000418332
1907346656
7455063890
7901482036
3023447077
1000226584
6808009893
6962852245
1276305895
8437923057
1000148219
1079183252
1044427918
2898691257
6994253779
1000359337
5653376613
1163756878
1448319497
3771404640
1000000667
2391955050
8073842847
2192772846
7885572319
1000138994
1226036717
4369446348
5561000205
4822756918
1000159600
9132503425
8698630754
6023706643
3157821520
5803980229
1380771369
1000304679
4589894057
5589476163
1000149135
9677724170
6919641814
8242183403
6440726437
1000286548
3081882001
8195921301
1886899737
4415477380
1000113140
9800200023
3677914447
7388963014
3190459878
1000163210
8066183932
1285664499
4420451823
3084355792
1000182912
8114416128
8351296562
2077040720
2540609459
1000255982
8088521266
2038453625
7131798520
3917950950
1000305356
6552657321
1163662633
5267482421
1826304349
1661952547
8734748060
1000410643
8155925081
6496098587
1937933529
9016210068
1000113469
2827945319
2475791539
1000151684
1185125652
3134857504
1355968727
3253204194
1406196856
5724221665
1000116185
6470124050
1008193727
2726405134
8046599081
1000092997
4057332538
1806236743
1000232329
9594402048
9367872026
6661627187
1616802245
1000272934
8064903169
4452490953
5292183478
4420906307
1000225500
6056716548
1379965223
1000104211
1568030643
6694222669
2619449147
6643053538
1000223641
1100487150
9110464170
8045759746
6976591268
1000086869
2809038686
5668212569
7882032728
3309512917
1000350870
6180107527
8986580053
4041934585
4654498077
1000015000
4337869516
8276371029
4507845170
7710677496
3002911106
7373043716
1000061549
1829676430
8758506157
1000276498
8429915736
4536663419
1000230776
1049287509
4687014613
3796204330
6009538561
1000371800
1089534870
3642666921
1713150680
5539856909
6057119271
8396496473
1000319523
4234896626
8566450288
1000238922
1054006432
5107642720
3707368658
3673618558
5081512837
8505202278
3435408833
1000507537
7223144417
6782506824
1000299332
6427614800
1315235936
5586319652
7873715455
8540575488
3507640105
1000269933
3563778347
4979321033
1000304956
3941937682
5159005922
3157995674
1022576420
1000027167
4232810466
1991461400
6425973954
6751613960
1000091975
2778765755
1044320392
7758615243
2947168349
9454310391
2699363825
1000096776
5252942360
1887351101
7935151016
4445184536
1000283369
1291930032
3379950897
1000235408
9999850841
1870738802
2700671528
2276786767
1000076354
2442164432
7102386928
7321208917
2745925464
1000233823
9816614259
6118244167
7873649208
5752252079
1000225830
9724722435
3991860268
8879682059
6465807346
1000282536
4633151746
6262894544
4859354694
8280329113
1000441402
2529083495
7910030875
4455668545
8122977511
1000138248
8520381586
2659600369
8926351402
7939796782
1000458760
1960221352
5113413144
8558776695
9063107062
1000108465
1407417389
3753572369
7806273806
7088716688
1000370583
6325855446
8779544048
3428093633
6549382899
6286404314
1190700788
1000301559
9209281724
5293113907
2845901065
7584384414
1000091448
6770632718
2589871364
8506667052
1880762446
1000104304
6909247304
6713424078
1000173257
4188824920
3030458478
7572899569
5291784090
1365547227
4664015797
1000126531
4696889333
2169964458
1000219496
1115163959
2039721289
3290498201
7807670173
1000284356
5883253987
7008529232
7711649867
9084803929
1000343164
4173830327
4330020080
2823259750
7413677120
1000305722
6679992808
7486951822
2010823285
1717802602
1749937968
8734023451
1000298844
1702867975
4585488197
1592179471
5622774696
1000096588
7230185088
4226754758
1000270309
8007866174
4603819527
3516580382
7403571609
1000137624
2300612106
8868647577
1000403532
1139628599
4227281300
4096597702
7051466723
5573739319
4592356670
1000294623
6832982272
4235340206
1000307665
1020067075
3099178229
8100893932
6994375399
1000355310
1477814330
2133222286
7204624445
3965271849
1000333184
1338973677
7193489171
5495231955
8811516692
1000236995
3948772613
3884959117
5929316257
7148865220
7394477532
2194211320
1000142167
3581394474
5166159722
1000352135
1118478033
3465831276
8119469314
6860962282
1000304640
4466166855
7943767395
1000223255
1052371835
6257670447
1547923508
9159110978
1000352814
6151565863
2114147857
5371969277
1478003853
1000187124
9187313354
1604647633
8743012245
4964377649
1000225114
5419747232
2754684494
8061860231
3865252231
1000348175
2419236803
3804425728
7306246458
1390986366
1000246490
1076372479
1942698705
7220328261
6513190316
1000332200
4368666907
7042469718
7805982986
6415498206
1000222112
8202318920
4050035347
8247977285
2600549847
1000302692
5338757809
6304586630
8305737421
7318365728
1000356791
6508111694
6989498863
5750542551
7969592919
1000122888
1131630590
6275673957
2833773072
6448843746
1000260298
8842275191
3763178363
8240479005
1865008619
1000052351
1249712518
9499636668
7277529070
5455387317
1000253647
3740382167
4358850703
3735562075
1325030021
1000310818
1713528805
1298533772
5376604325
7994038171
7451064663
5931433870
1000330592
1528757191
8584724732
6517348912
5655486612
1015802888
6540841444
4731921129
1860852416
1000319401
6272438783
2296391807
5303878833
1458479969
1000293270
4811193506
8677645743
1000285277
6281472881
6320469455
8423299691
3808235500
9437663295
5087752513
1000162565
8852746099
1464231193
6495732355
1683693700
1000148172
8801272882
2240561929
1860200092
2287944785
1000350780
9500141030
4832366936
1000351674
1448082600
6589472429
3304005940
3133534272
1000080055
3040406812
3813354273
2439639365
8459442954
1000349736
6629443882
4351490075
4518010410
5957187586
1000231657
8274499647
2489761635
2587880036
1954512765
1000246238
1148599769
5282011201
8964340060
3148834166
1000324801
2530341624
3599257944
1682953793
5870034939
1000236591
5358995005
4735648640
9120992459
2293406928
5215897222
8153180173
1000330419
4743618443
8029026807
1000155263
3348532170
4287626729
8230900727
6908183829
1000212385
3288141011
1026507105
2814128369
3711628152
1000232787
1064362757
5086278720
7615838165
8045439598
1095903704
3071715670
1000222513
2148474870
5504144019
2955336071
8749580397
1000093100
3677217745
9178995778
1000193841
8561193617
6573800837
1477437802
9739888327
6794509196
7932948223
1000283497
2972744070
6919225406
1000172690
8627519109
8253679890
9078512682
3401887662
1000283698
3455456597
6691986551
3743763246
6564013506
1000046070
2186872851
8728410097
6666932093
8159763924
1000149161
1032367153
4874279162
7275624065
7358367258
1000268935
6023604240
5097232777
8387004172
3186402973
1000271692
1117266930
8175656241
7624175586
8676457403
1000185032
8905481582
3530207200
7365450803
8287222031
1000250285
9512370923
8609863235
4898097876
3687892743
1000246580
1024863301
1227950524
1147575143
8548700796
1000250146
1034348547
5088945029
5470840322
6911348080
1000232483
1009413479
2261410870
8813063944
1080297288
1000394522
5234619156
5590343217
7787881560
8267003029
1000236242
9198778488
6984417467
2466729916
8099159028
1000296527
7150555694
1813012680
7419904872
9068737983
1000324261
2588401418
4976804091
4406092846
2475512035
1000377071
4033295076
7800582083
2415935009
8457252219
1000405773
5410954572
4133846376
8866053758
1560310511
1000276091
4943980748
5982488409
7339374404
2000352433
1000344405
2317772679
1825734934
2968139306
3034900530
1935562713
6806584237
1000045804
5950777371
5800748944
1299229900
2153244341
1000135576
5127450988
4368571614
1000281611
5926210350
2165189773
6301469675
8055132645
2832008067
4665204844
1000091843
2619425282
8678064667
1000387062
1049198041
6474788989
1948418465
7471625047
1000319580
1646377712
8256502524
5871466752
1345337453
1000307607
3000536110
5687573521
7371563688
8422642555
1000084343
2705793759
2058765114
6182337502
8651571760
1000229845
9988694642
4679930127
2982046483
6265408027
1094764131
6941150268
1000246721
6110931063
2831019528
1000256416
1015185440
1718737542
3872322652
7403073484
1000297741
1690677474
7069346200
7833086078
8476526407
1000266245
2323139065
5309406674
1000243854
1073315242
1606106290
8387921267
2552145024
1000173518
6147164250
7926143162
1000349240
4089175069
1975213608
6352388372
5350583661
1402605196
1095580437
1000117312
3209869536
4065583662
1000018612
6871432769
9233673286
6202028292
4713493275
1000064669
3137286703
8396710949
5103279179
6604456208
1000373057
6207732391
8139421138
1461820807
6456439467
1603499996
1087503704
1000105998
8820067436
6196219786
1000235249
1086878388
6342281685
6750933136
2687038057
1000123805
1253932001
1916287424
5366528734
3050235262
1000287877
6937925949
2317035771
7003846217
7393107644
4369895193
5473740749
1000195097
3799405402
4038312584
1386803964
5390997573
1000100671
3615486565
1995795647
1000123340
1032840053
6035365156
4466294575
1216798395
1000121969
9114890392
7690497603
7673516304
9200042113
1000260521
8983976377
1557288627
7420210299
4134410957
1000305289
4906099674
2575079909
1000670568
1018019987
3630127432
7517088674
4062842865
1000022017
1269507946
3421270429
2487745135
7328226409
1046775351
3717369854
1000669055
5141854961
7217264381
1000492753
3995905850
6371916463
8686576777
2474476606
1000476170
4681063347
5326618032
8211470532
7436986388
8714888479
2336283141
1000195879
9206062186
5352559824
7763912755
3038486262
1000678789
2130198430
1608821031
1000556358
2442884274
3212101562
6203235656
8773430071
1000295481
5667292276
6312759797
5106779783
7925952212
1000333427
5844710693
1252209941
1294032565
5627918499
3593566689
8216052514
1000456186
3185804141
6929951120
1000559627
4477895537
5165379961
1918483492
9932237178
1000376897
5067319272
4504471793
2480255673
2686438012
1000703147
1637534126
7020557552
9174142115
2341409024
1000686362
1410551415
7056575510
9119653993
7934270236
1000511336
4459266304
2205069867
1833926541
5123962095
1620426028
4608163630
1000706442
3752564163
2716022847
1000230829
5603220047
3308253750
2096340685
4982983596
1202366026
5824993040
1000134025
8038114410
6741172406
2992280121
1868509565
1000622454
4962805281
6580814893
1000030897
2908840075
4962456761
7784272446
5801085620
1000647209
1143887407
8385438983
2572971798
8372154680
1000460462
4171434064
5653857022
6289365106
3241558624
1089856240
8619822049
1000476621
7334428101
1972127829
1000637060
2017217419
6411027352
3488512541
4580551057
6077660788
1000456786
4206432455
6744221376
1000675008
9188188763
7363735667
1000029101
4713604085
3250899847
1842899332
6016415049
1000305994
6726025637
8802410536
3575928194
5355284958
1000115798
1335176906
3064237891
7781079517
1237630886
1000243312
1070821630
8575834954
8641882692
4672752324
5518893161
5518257821
1000396315
8073684398
3883312468
1000702499
1261418797
3137259853
7408312234
3044754033
1000282365
6387113137
3305166370
8291036905
1157773695
1000369038
1906808439
3200494490
1135724943
3208308989
1000707739
2697525921
3457728009
6581915886
8287195281
1000338977
8697957264
2745083197
1000111222
1297993913
7840522913
7925416158
7648167471
1000189162
9027288137
5152785229
5598819735
2840170121
1000251098
9649644143
8327933975
5819869452
9143783035
1000102750
1588399658
1083011822
8737297179
7493848491
7253097447
2191068002
1000184094
7014631510
1978333368
1000643061
3000384188
1151804262
1576918151
3091211714
1338804249
2570717606
1000135301
9088629134
3363704108
1000053920
1898196327
3954065486
8090847058
4378669115
1000707610
1568349766
5101594697
7625863262
9162592901
1000024414
2063590062
2504467715
2303349126
2275266095
1000690418
3357033793
4695225578
6029284442
1406774067
1759687587
6420327093
1000051458
1231212901
5680619489
1000603132
3191911467
6946718329
8080409703
9103924349
1455096763
3175888266
1046479820
8283997084
1000754709
4706625339
4974125102
1062380117
8559232901
1000715618
4142472805
7846165541
1368204554
8815166966
1000744269
4233269378
3283937187
1203651070
7059313885
1000716799
6125644647
3224593126
1019210257
5231810716
1000774828
4454136727
5701764542
1000112258
1487968524
1294389375
3823694646
6710418227
1581164815
1161376374
1000100756
7320993517
4760271174
1000108019
1496806117
8121590056
6001787441
3055094186
1716082135
3186709398
1000099079
8869889309
6229406585
1015804870
5048519768
8045960047
5220658018
1000059793
1748649538
3948080516
6125383907
5325260806
1000566302
3950257290
4990923504
7010620058
8980130695
1000440364
4641029584
5690433366
6719547961
2369268492
1000546353
4745548543
2222184169
3402670490
5362102199
1000032006
4807583612
5878334409
7786006473
8742092193
3769606976
8424971024
1000064357
4026616441
7526828687
1000284595
7560934553
9068960743
4455098190
8753876635
1000118538
1012951722
5103287019
6109767052
2766201686
1081460814
6218159849
1000669615
5995146209
8925993790
1000536479
3975982220
8610816672
8433398102
3374182489
2132277566
8722406192
1000041507
6405296321
7901511868
1000132756
1347184092
8568280530
1492797385
6035668358
2784941275
8498305993
1000084729
7703313357
2596526592
1000224312
1032702570
2053611238
1467062567
9179784808
1000078132
2793896180
2844783409
5616573857
7506987726
9182594157
4978662818
1000256649
3454751682
7987211019
1209861869
1614166673
1000716078
6850029928
8086715367
1485617651
3358812563
1000117181
2365904011
8293227163
1000256944
9959676312
4069497968
7345224345
8957674744
1000092377
2728196250
7416134210
2238058022
3262502767
1000010017
3634746299
3682688235
9140120457
2267315297
1000343408
6255770052
7359423386
4256968390
8061373752
1440281013
8079267106
1000730971
9205421648
7393010939
1000393437
6249007088
7362748312
9022056504
5588762072
1000420968
5155133398
7452153961
5361526254
4431945907
1000414230
7032664177
1453799673
8221959605
4061659255
1000043554
4979615120
7675877131
1000575695
1024730683
1744971938
6095090758
4270672098
1000147435
1163735187
6549434003
2001515624
4204706425
1000540961
3704526281
4823718154
3202527839
1342427032
1000459531
3392070742
3329364341
3660714755
8599502889
1000422773
5609859453
6650293925
5429933967
5907295864
1000551026
1376300714
4941339131
1378345631
5949756557
1000503334
1024300314
8139430387
6051564086
7701380337
1000551768
4174175301
5645983095
1620028241
3656212668
1000411307
6279927385
2538811764
7505559881
2354790404
1000451418
2999023315
1657787020
3626015655
3990375933
2110006309
2116947801
1000049429
7903129863
1404596964
1000154778
1187028081
7730084470
1856057153
5111850728
1000267331
9777051231
1323057662
5947494887
3671621876
1000026549
3991177147
5224382485
7976753896
5321125115
1000069196
2815207022
5001685734
7892122750
3932736525
1019176518
2716508316
1000225005
9156019244
4796998432
1000530423
4587124959
4445524361
8178507885
4743136771
1000343937
4898587321
1347443834
5452412329
8044575579
1000313180
6255422851
8567978428
3088089936
1064274830
1000136426
1277795562
1355092672
3091905433
2271717922
1000537734
4331695851
5312693969
8254159649
1566965077
1225028721
9736508400
1000149147
4940303178
8472950912
1000345520
6201518424
8058430299
7719557433
5230373716
1000522480
2447114072
1858921233
1501600469
5195418206
1000523108
2843898498
1397720226
1000532841
4649838386
5646695621
5340693293
5708376632
1000040236
2238567036
1776685523
3098644650
5042223301
1000095148
3142611752
6360092089
6695298321
5529352900
1000282905
9660249576
1936520812
5933917093
7144231256
1000254403
9988257476
4592174757
1195964584
3997485898
1000244419
1129843361
3367284029
2743097154
3716519350
1000229998
1038214376
5934510806
5841155192
8216803234
1000323626
1012692509
8683748510
2677739071
1736190993
1000238495
1173120123
5348804805
5988465723
8577481803
1000361430
2352236676
1771229643
2291526139
6215155920
1000158341
1175436656
4375412623
6114108407
6252146794
1000384848
4552737290
2414540484
8037873791
6119638019
1000412273
7186410295
3228186293
9033287575
5328445667
1564229503
2988727110
1000109904
7103201485
2255625492
1000154932
8520472386
4828948845
5764941892
5685013549
1000223835
9230203651
6894585428
4216295362
5603854291
1000168688
2145853602
1362591981
1000244736
1107919760
8236243465
6093714819
4581401469
1000450108
4570216758
2474367648
9441863714
4885524988
1156810135
9520922863
1000545659
1946992979
4893044428
1000545676
1077287643
1765843989
5779233080
7849021877
1000041234
1845880075
2864284254
8665624277
8266277619
1000119330
1036433046
2392908893
7970063498
4300713566
1000062327
2581149678
8568272536
1775311821
2266257701
1000500354
4419886174
1965232275
5592469296
8241340957
1000138941
4675795770
6149691018
8193685891
6732733398
1000306591
6302590946
4184555626
5825576501
6910257603
1000226555
1073539183
1349802495
2313798857
6408250855
1000231747
9671404974
7726177634
6298185042
4502719920
1000175949
3349297404
2654286168
1484044510
1107413933
1000044638
2266124070
6064126686
8668272177
2389733220
1000246361
1207937554
2473871739
1470123762
2996243507
1000014343
4215983711
3091991236
1491520509
3997676382
1000409608
1135639033
6377327772
4459543042
7068338737
1000505438
1042506812
2624708489
3372023504
2176714123
2763169583
9222516513
1000088798
7611479454
8583758342
2488852767
7136832435
1000499458
3544025353
6017326106
1000670212
1090499446
9107221815
8307135699
4298329484
1000123513
1346252129
5631919100
5875037135
5711853086
1000559777
4206758831
8086626061
3575518326
5209195531
1000653180
1081537180
4708336014
7529917496
8544360883
1000143183
1054803515
5346794784
4878409136
3251616121
2590904397
1492772510
1000679741
2499234917
6889320729
1000678233
1110298445
5067613584
4340071125
8305772294
1000028163
3445513658
1118476735
6046803639
8922020887
5177895309
6707731115
1000449523
3715720010
6225345416
1389227619
5866047929
5582899818
5663110662
1000288501
2116851476
4180465906
1000609247
1060709147
1310791096
9392708232
6068060171
3028190630
2611336651
1000082422
3470138693
3464382088
1096465824
5058874865
1000115874
1032072610
4059127846
1000288962
3175596467
1674916109
1000027071
4230250660
3502408665
2276838927
5711097576
1000226314
1057089235
2474582089
4172150271
3660688187
1000603573
2179779902
3779630068
5237919385
2907306928
1000152223
1065955743
8539462475
8687609408
7406313685
1000429840
6242378723
7415828453
4591517983
5591332791
1000019484
1697303480
4095111100
6857779247
3351838895
8663475806
7407351371
1000194758
4899060784
3574690539
1020460851
7179456257
1000618069
1749975230
1737600490
1000017414
2759014784
5857423668
1614127651
3283573194
8710537268
2382141732
1000171820
6261565460
4765597153
1000111415
1272641959
2075234492
6673591423
3218002410
1000307439
6639248079
4105221680
4963689134
8999907510
6975374112
4680195076
1000289250
6804711958
5699661743
1644050510
1022392102
4663319740
7872195365
5659988897
1540629652
6543290980
1000109149
3015529599
3025520089
6501112096
1317685288
1000600898
2239922796
6023848997
5811790114
1467248125
5302317286
3202093668
7258098699
1520610478
1964907440
8217250565
7776049965
2103633618
2678587805
3745868498
1718159704
2767406799
3450009436
1128326072
3438232341
7731672020
8625273460
2180684969
1138903636
3112258339
4004499636
7723864073
7676867361
1087925243
1707795781
6031911970
8447309390
6533455070
1016031478
3263003820
7001415454
1733042684
4280764707
3030479139
9953921413
6845844044
4171692496
7949991118
1108700472
4567325493
4784216391
2727443606
4817399478
4485851852
4930494374
9135875136
8531683919
3559116017
4170922476
2741430737
4524873770
9173419057
1007354921
2189417236
5290546721
4549884477
8390906487
6718991496
7286000639
5975525450
6546969762
1055967072
1069713644
3118042706
7607860920
4334489127
5089348594
1701120597
4275440762
4159625410
9358247436
3021728745
1607972278
9936496645
8671300964
2824116071
7209075484
1018396588
1034838220
1325794480
3348567898
9982050583
1405178883
5306131149
2917238354
7718856145
2622439179
6307192973
1169034793
7517863635
5591970532
9832218322
5333864834
1684612341
2701070703
2371374560
3782281692
4126210238
9580371416
6126948032
4867840693
4047784687
9041036396
2951743886
7945578972
4570051553
4992714644
9381959600
1686124533
1447325672
3851889164
5197829084
1058635646
1203246199
6344308106
3569112533
6234749972
1058715277
4309457186
8105170038
4657382375
2427605623
6233574943
3653758801
6194024867
4994206221
8495598643
2969478270
2066172030
7083933335
5225880222
8631206461
3946848580
4750584133
3671989591
7147096030
8614272446
7175346442
1015783390
3193823610
8245371408
1234520265
1076303676
3125610137
5424862022
2088914764
7127124578
1228371810
2349088365
6209160393
5216022289
9073137453
2374632479
2504911473
4091762068
1155523915
8517530333
1053239462
2373876259
7563617040
3640268753
3702922905
1022364368
3986626104
1485989378
4904456625
1606331540
1973259037
1681924951
1026248329
2224159258
4188160599
1023855611
4469517400
2477062677
7688589170
4702259335
3432314873
1000323785
5209655289
3419358140
1000265720
1073249568
5335495686
1000437769
1025366078
3399161113
1000356120
3832953695
6280374942
1000361044
5031209942
5441782088
1000034936
4589980975
1000042609
1964011157
6613137527
1000012795
4967647673
9154831501
1000047637
1153514304
1931854505
1000246863
1122950841
2991544274
1000134691
1373930076
8319122500
1000077313
2962705670
2570446515
1000100053
1000085782
2701318753
5240332585
1000097500
1618761868
1483888639
1000171275
1012357816
8588477006
1000171198
1027602851
5435600745
1000077100
1422087831
4433889292
1000077774
1512066919
5761740047
1000110330
1145828655
2793023367
1000052997
1855230327
3516319464
1000160227
1000114603
1586065188
5671665085
1000015144
4960243990
5014653509
1000326244
1153981562
8945669119
1000241285
9078868633
4293899077
1000145998
9860211485
1759309942
1000247791
1076152409
3110535602
1000150210
1269204286
4327141014
1000150333
1123329092
3278056494
1000221289
1091301864
7485750646
1000078559
2731746550
2251613078
1000100271
1381136028
8111922778
1000042997
1890160824
7495302727
1000446147
1460138302
7098355075
1000020149
4114836088
8012603043
1000228303
1641782176
5994554241
1000139820
1302002641
8388103822
1000111077
1060104964
7207066105
1000394675
4251700754
3207588762
1000151261
1000082794
3101238860
2139127787
1948126135
1356105985
5655875739
2935692056
1646059162
1230139822
1904931689
1912763902
4027661182
4027719911
2645116340
2645114399
2355945498
2873072211
2899746866
2645116692
3980300300
4002937962
1845478194
1846809129
1283578674
1283908741
2645115276
2136644220
2136652032
2645116451
4207918297
4241227072
2901831150
1932050909
1932067836
1009557956
1302213898
2899751884
2899813714
3403258078
3403263119
3956667991
3960315514
2848755256
2849222617
2645114871
1716209438
1717551572
2738434594
2740661781
2615020920
4015080644
2213690379
2231293805
3664454656
2703385207
2713352837
2309384574
2366895202
2645114749
2644594450
2644595230
2645115846
2139860988
2145513781
2441280776
3724149041
3724155836
1805018106
1805754926
2645115953
1601461587
1602256596
2645115517
2906230275
3918573813
3926000175
2420521887
2611837573
2645116861
1365435763
1365816390
2678047454
3165856276
2001393904
2009356466
2600230882
2589987254
2585628223
2585662034
2828009219
1774176134
1916283677
2406875530
2406875887
1598623413
3960351654
2808906288
1035996181
2678047455
2327929857
2208225279
2208225278
2185323521
4294967284
1274612089
6893666595
6893613525
6893613329
6893361045
3645691898
2522448237
9538568984
9874741427
1643892435
9538569617
2605604044
5292338108
1643947838
3202116550
6892394030
6892389714
6885720864
1505096246
1177236259
1643926801
1505197616
5411344281
3692392632
1643913547
3645835764
6884647484
6883952344
6883504059
6883164096
6883164047
6882414394
6882065378
2900688867
2888035265
1523252500
2887988774
2827840356
2586583780
2585554745
1006277893
2887981045
1022452831
5112817067
1615736269
1643903298
5086200834
2794231798
1000001230
1643946322
1419496646
4457924614
5156283780
1000011430
1643868787
2401495393
3670885456
6476251484
1000021250
1645986709
2875882847
2555999381
4204664350
1000025994
1645926558
3002239091
3631707750
3211624820
1000027257
1645939008
3144075983
4355398514
3351655926
1000028676
1643938876
3578714986
2932353303
7258548185
1000033022
1645973427
3606809392
4030129320
7440376030
1000033303
1646011727
3650138134
1000033736
3980971218
1000037045
4264744186
1000039882
1686579614
5400057064
1000045686
1646114038
1212625081
1859162630
3663738064
1000052311
1643945026
1374293686
1000053928
1777631632
1878980048
1231921115
1000057961
1643874290
1797774838
1850202021
5066397962
1000058162
1643889952
2311006692
1000063295
2442452508
3695293210
4583773990
1000064609
1643917336
2470727690
2514666625
8536785226
1000064892
1646103448
2656132499
3106382376
8976492969
1000066746
1643884336
2833223047
2916424945
2027742683
1000068517
1645955839
3167807872
3052663688
2369241194
1000071863
1643863924
3359841258
3101577313
2456478884
1000073783
1643951094
3480317493
2226241100
9007104056
1000074988
1646086320
3483135443
2610904055
3046041813
1000075016
1646167269
3808782649
3987475282
1000080059
4019210381
3144854112
1294534277
1000080377
1643854702
2838799576
3416941394
1000084592
1643922451
2846990645
8141632924
1000086539
1643942899
2654380408
4958804230
1000087369
1646053319
2677740369
4682183760
1000088076
1643944945
3002787266
1503247049
1000091800
1643925410
1083440258
3129236150
4560295561
1000093969
1643941555
1127655261
3020338394
4511439589
1000094411
1646116495
1246193941
1000095596
1343860564
1583050995
1622712092
1000096573
1643943273
2214968101
1000105284
2274126962
8741040529
3390388299
1000105876
1646074944
2644644095
1410600755
1375725156
1000109581
1643893485
3074920420
1824330674
8721775102
1000113884
1643955305
3086821018
1000114003
3327097134
1424107844
4774675517
1000116405
1643956825
3463950467
1377578815
2882083340
1000117774
1643939728
3534447962
8391951964
7398719620
1000118479
1646173326
3554027473
1210557446
4740732512
1000118675
1643880043
3973090788
1377476782
6962490320
1000122865
1643949240
4044843579
1154501098
7402756853
1000123583
1646009274
1305507233
8373634132
1000126340
1643859104
1250189738
7297932262
1000126356
1643863961
1377640612
6385307062
1000127124
1643922871
1203817886
8648345769
1000131177
1643882807
1306853706
7597442773
1000134998
1643933263
1000135203
1229710737
1000138381
1285852628
1125019764
6759098754
1000138943
1646151646
1821006137
1000144294
2111145496
1761598302
9726933639
1000147196
1646152565
2498439358
1252528931
9300034804
1000151068
1643857553
2510574500
1237686030
1843062524
1000151190
1643937539
2816902036
1241053803
2627978905
1000154253
1643945407
1163702507
9473134092
8775076829
1000180671
1643956813
3416156446
6774726862
8863083470
1000203195
1646085937
3602338909
7332788040
1850652922
1000205057
1646049099
1084489881
9219150585
1513494799
1000222828
1645936486
1164462521
1110332306
3740127986
1000223628
1643852935
1493859224
6232086751
1610230672
1000226922
1646118055
1793059207
1039829316
7975041025
1000229914
1643851398
1991180187
9910321850
6599351102
1000231895
1643850091
3483196971
4240953917
5527190896
1000246815
1646127908
3507250033
1000247056
3551050359
6379135403
7448961682
1000247494
1646168623
3958069647
1013849932
8716049534
1000251564
1643942687
4271616441
1008195580
7367964835
1000254700
1643917499
6942913047
6018729662
1000261180
1646018051
1034215180
9784938597
8406509788
1000265275
1643938510
1917174160
8063414436
8685300709
1000274105
1645998460
2066399223
8411120601
2844658228
1000275597
1646016410
3625845477
3141802962
4089173830
1000291192
1645991340
1228457365
5853359291
8835147968
1000310167
1643865620
2522836533
5868558757
4210914871
1000323111
1643918799
3190056873
5651668412
7132361758
1000329783
1643895878
4031016308
6459905132
4490460570
1000338193
1643937795
1052029598
5831231162
3966611312
1000351353
1643877070
1127234710
1839349227
8217044028
1000352105
1646024013
1325148971
4859465592
4658553307
1000354084
1646099004
1917447974
4139168898
5910854263
1000360007
1646121821
4224027332
5842978361
7184359349
1000383073
1643927182
2594844617
6323062814
8131832425
1000409731
1643883818
2979842997
7195185561
1811452226
1000413581
1643967611
5010202279
1681469933
1000426983
1645982348
1429818605
3438152637
1207449438
1000441030
1646173474
1821401566
3190188162
9551559379
1000444946
1643926229
2059811728
4630600085
6004421944
1000447330
1643944565
2175220348
4748177273
9194077857
1000448484
1643874877
2536055116
3879963960
5835919148
1000452092
1643959803
3357706294
2716338177
8524455338
1000460309
1646170448
2856368904
1959732218
1000471458
1646009937
2400013909
7754031329
1000477994
1646122926
2196980358
4357667014
2496157837
1000491651
1643862113
2336491026
1076342375
6319057375
1000493046
1645971054
3775324217
1118146238
8393846928
1000507435
1646075124
3828047754
4532756930
5524211854
1000507962
1643923645
4047290457
4812502935
8778934685
1000510154
1643932352
1070622610
3614627051
1000513154
1645999476
4283956855
3750397113
1000521055
1643970953
1795650331
2480296736
3132534691
1000530588
1646073580
2378752433
1131263971
4846547119
1000536419
1646166211
2985096020
4466792404
7069333279
1000542482
1643912928
2300759988
4779675691
1000556775
1646154471
3493968869
4231759447
1000556920
1643915787
3183677700
4734690721
1000559929
1643964729
2910872294
1646786711
1000560202
1643938744
3483831130
2856228834
4321736938
1000590419
1643860256
1629012800
1018896153
9150324166
1000657770
1646146044
1883579490
1086710746
8860465536
1000660316
1646074285
2704852428
1457093311
7823742235
1000711478
1643972217
4032483533
2336283376
6290236338
1000037560
1646079832
4004780182
2295259017
2372986647
1000037283
1645950820
1257090528
2756084564
8530741745
1000095705
1646114177
1012003592
5839968029
1000127746
1646150940
2944462023
1097564074
5825115799
1000155529
1643887212
1002766843
1900081112
1000176318
1643912348
2081771167
1059696324
7570364160
1000232801
1643929600
2804107309
8504298959
2051365364
1000282974
1646158013
3132669891
7701222977
2700097536
1000415109
1643907571
3023518444
3064452197
1334107071
1000070420
1646109761
2906701904
7974865339
4114893838
1000112201
1646067880
3773831198
1294437580
6005696278
1000120873
1643849743
4768904719
7941226822
1000000282
1646049733
2251702966
1416146048
2475618848
1000105651
1646023455
1927482297
5096170122
1000046838
1646174988
9527826485
7459075249
1000135929
1646160432
2710594967
1370708196
8180523239
1000110240
1645950013
1297668232
1086780605
3489063395
1000224960
1643874825
2459685949
1206444886
9503732801
1000150681
1643958539
2014168807
1442352572
4964681304
1000103276
1646138266
2463908670
5973979370
1000040948
1645949341
4294967295
1316134911
7091197180
(1004998307
2004244236
1814251619
1059109328
2560023477
2028050330
1841821682
2377599095
2330713734
4367026831
6848267848
1660836617
5122665754
3345146934
1517584045
4836611084
3319356103
4325774639
3127132755
4694834371
7706917496
1637541026
1692696327
1526787190
4827653619
7376508897
1699968706
7727990893
5197479814
5224040778
1588552291
6096370224
5215014846
1038350889
1174099472
1822788126
6285517306
1104941186
1210280799
2521535452
3595720410
4986542802
1710548062
7215109048
3264537736
6376479869
2542511502
1665147590
4513847353
3120816161
8170761853
1284244285
2345478338
3353857674
4195893686
4702420870
2679290343
5819565593
2146966652
4452557202
2236714559
2409236509
1044635029
7113170129
8309211708
4363066775
3731226080
3829039640
7528135856
2258494093
3085057742
7512029857
3291896187
6670057642
2220391788
2579891418
1643585905
4758988864
2833181050
7059147710
(1643585913
1637128278
1781045924
1000078273
1004998307
7059147745
